52
51
49
10
8
9
13
11
12
48
46
38
36
37
39
45
42
41
44
43
47
50
86
85
83
82
81
75
76
78
77
80
79
84
98
97
95
94
93
87
88
90
89
92
91
96
63
62
61
60
59
53
54
56
55
58
57
103
102
101
100
99
141
111
110
104
105
107
106
109
108
112
115
114
113
118
117
116
125
124
119
120
121
123
122
127
126
140
136
135
139
138
137
134
128
133
132
131
130
129
143
142
181
151
150
144
145
147
146
149
148
152
155
154
153
158
157
156
165
164
159
160
161
163
162
167
166
180
176
175
179
178
177
174
168
173
172
171
170
169
183
182
